60
41
9
47
26
43
36
41
89
82
73
20
39
63
94
3
57
79
46
17
1
43
72
70
40
53
95
34
84
76
46
81
88
99
45
13
78
11
11
85
82
64
55
38
45
98
41
64
85
13
70
14
64
62
88
87
93
29
88
98
98
69
11
37
88
27
76
90
74
31
36
7
32
87
56
64
24
50
92
67
30
78
5
88
38
67
53
27
4
97
67
28
31
80
69
29
8
63
14
70
45
54
17
58
22
57
93
86
96
10
95
45
33
54
66
12
49
78
11
79
82
17
15
11
48
50
98
94
55
64
6
6
93
40
33
3
9
4
54
69
38
15
39
38
58
25
76
84
94
45
62
38
91
73
22
30
83
90
98
12
46
78
2
65
64
2
37
62
60
98
31
48
96
76
83
5
12
7
50
26
73
30
78
37
82
53
70
46
73
65
27
10
52
17
92
67
92
52
43
3
48
89
35
6
23
17
51
47
11
32
69
1
94
5
16
12
59
24
96
44
3
42
7
40
94
32
85
36
32
25
5
33
48
46
47
37
68
51
52
24
76
56
52
81
86
29
47
59
31
60
31
1
35
82
61
12
75
37
60
60
48
17
15
25
5
5
11
29
69
1
44
75
11
75
17
58
83
70
64
53
58
7
9
71
43
79
26
88
88
31
19
43
12
36
91
34
30
18
11
60
56
32
41
89
75
48
42
85
14
89
86
11
99
87
12
60
77
64
0
41
88
81
88
2
35
27
67
73
72
77
83
95
71
15
19
66
33
1
53
72
24
5
85
36
87
22
21
35
42
6
5
82
96
1
80
47
75
2
38
62
95
21
22
91
36
54
88
89
56
72
39
5
31
3
21
29
61
61
63
4
11
48
40
80
24
17
75
72
23
44
65
84
82
28
29
23
29
98
86
91
81
86
75
15
80
98
62
50
29
52
24
68
87
75
14
67
67
70
84
92
51
33
42
76
89
29
28
51
24
62
40
12
43
43
12
86
84
7
69
38
89
11
34
33
1
21
90
83
85
24
45
91
71
30
75
74
65
15
91
59
79
35
79
23
59
3
1
6
93
20
1
90
58
26
30
65
79
9
80
7
35
11
44
6
79
26
72
37
94
79
89
47
52
92
89
37
28
10
19
92
77
76
59
82
51
65
48
91
75
76
4
75
9
11
86
39
11
65
19
22
91
26
39
87
2
57
48
25
31
8
74
86
22
48
70
17
34
76
88
47
75
81
27
33
50
32
19
48
95
32
14
57
52
78
25
80
4
7
68
28
15
25
77
54
82
22
82
8
31
82
97
21
74
9
32
27
99
50
74
56
63
54
52
41
54
52
23
28
40
77
7
14
13
85
26
55
12
94
95
35
79
21
88
41
28
47
19
77
55
40
96
47
55
20
74
63
25
32
53
13
73
12
47
3
92
59
79
81
47
55
93
33
5
75
81
15
8
51
76
9
14
16
1
37
84
13
82
79
40
6
22
82
91
19
91
62
53
57
13
4
9
1
29
19
66
58
64
64
52
54
84
81
90
20
17
74
92
21
46
72
8
6
3
99
57
14
60
32
0
5
87
40
21
65
90
97
74
80
85
95
63
43
6
45
28
2
8
58
20
1
45
71
80
11
60
41
81
70
84
28
8
61
3
34
90
98
29
74
8
70
67
80
93
98
38
11
99
20
77
98
20
65
40
36
93
51
41
22
62
6
25
51
73
75
35
45
98
52
80
51
76
88
99
79
86
84
53
9
89
23
45
45
77
31
34
18
90
65
37
8
88
39
54
53
92
24
88
64
64
20
85
35
19
86
97
8
6
9
70
43
2
51
80
38
69
53
15
82
16
80
2
6
55
12
0
34
93
12
78
45
68
33
91
48
97
56
53
47
21
92
45
27
99
64
82
63
97
87
43
55
59
85
26
43
7
38
58
61
31
19
53
75
30
44
79
96
37
22
42
57
15
37
51
55
35
98
23
92
6
64
99
83
98
17
42
78
44
35
76
67
95
81
28
3
74
48
12
91
48
0
25
84
68
24
22
63
11
57
42
35
2
96
42
12
9
50
69
52
74
58
90
15
80
65
48
91
88
74
94
90
5
9
98
10
12
2
92
28
95
1
12
9
43
64
88
34
17
1
93
54
21
32
45
2
3
89
93
61
51
97
21
61
53
79
53
6
43
7
53
2
78
49
33
87
99
23
81
58
61
30
96
53
13
28
64
12
59
60
91
39
85
5
38
96
71
56
78
24
29
14
79
25
44
79
20
8
47
21
86
88
